836;
834;
830;
826;
825;
823;
825;
819;
817;
816;
815;
815;
816;
815;
818;
823;
847;
867;
876;
875;
877;
878;
877;
878;
877;
877;
878;
879;
880;
884;
885;
884;
885;
886;
886;
887;
886;
886;
886;
886;
885;
890;
890;
886;
885;
885;
887;
886;
886;
886;
886;
884;
886;
883;
884;
884;
885;
884;
884;
884;
885;
885;
885;
885;
881;
882;
884;
884;
883;
884;
884;
883;
884;
883;
884;
883;
884;
885;
882;
885;
881;
884;
883;
882;
882;
882;
881;
881;
882;
882;
880;
881;
880;
878;
879;
880;
880;
880;
880;
879;
879;
880;
882;
880;
881;
880;
881;
882;
882;
882;
880;
886;
881;
881;
882;
886;
883;
884;
882;
882;
881;
881;
883;
882;
881;
882;
882;
883;
882;
881;
881;
880;
880;
880;
879;
881;
879;
884;
883;
880;
880;
879;
879;
878;
880;
881;
880;
882;
880;
880;
884;
881;
880;
883;
879;
877;
880;
879;
882;
883;
880;
883;
881;
885;
880;
878;
882;
881;
879;
884;
883;
878;
882;
877;
878;
879;
878;
876;
881;
882;
877;
878;
880;
874;
878;
878;
877;
873;
877;
875;
875;
875;
876;
874;
877;
880;
882;
881;
882;
879;
877;
878;
877;
877;
878;
877;
876;
874;
870;
873;
870;
873;
873;
871;
874;
871;
868;
865;
871;
869;
869;
869;
868;
866;
867;
871;
871;
875;
871;
867;
864;
862;
863;
859;
863;
857;
864;
866;
867;
867;
868;
871;
871;
872;
872;
872;
871;
872;
871;
871;
872;
871;
871;
873;
874;
873;
873;
874;
875;
874;
873;
874;
874;
874;
876;
877;
881;
880;
881;
881;
881;
880;
877;
879;
877;
880;
879;
878;
878;
877;
877;
877;
877;
876;
877;
876;
875;
881;
871;
875;
883;
869;
884;
868;
951;
945;
966;
958;
960;
986;
942;
982;
995;
950;
937;
946;
940;
950;
936;
952;
943;
957;
958;
957;
959;
944;
932;
934;
933;
932;
934;
930;
931;
930;
931;
930;
931;
930;
932;
933;
933;
932;
930;
928;
927;
928;
927;
926;
928;
928;
926;
912;
986;
998;
994;
987;
989;
997;
990;
994;
986;
972;
958;
980;
998;
887;
982;
962;
994;
993;
982;
900;
982;
920;
935;
936;
932;
929;
924;
915;
904;
893;
921;
919;
933;
932;
934;
935;
938;
932;
937;
973;
980;
938;
983;
938;
932;
926;
916;
919;
924;
919;
899;
898;
912;
911;
912;
922;
925;
