911;
863;
867;
847;
830;
842;
845;
844;
849;
847;
848;
850;
852;
849;
849;
843;
845;
846;
845;
850;
843;
845;
846;
861;
854;
856;
856;
854;
857;
854;
862;
860;
855;
853;
859;
857;
860;
866;
859;
855;
853;
850;
848;
853;
847;
850;
855;
873;
874;
883;
885;
888;
887;
881;
879;
878;
869;
867;
878;
879;
885;
888;
875;
877;
877;
866;
858;
847;
859;
873;
878;
870;
868;
864;
863;
868;
854;
858;
850;
854;
837;
872;
895;
898;
898;
897;
916;
912;
881;
881;
887;
846;
866;
882;
861;
852;
854;
836;
835;
840;
851;
810;
835;
839;
833;
844;
857;
860;
869;
872;
872;
866;
866;
871;
855;
864;
867;
866;
854;
853;
860;
856;
858;
848;
832;
844;
851;
852;
853;
850;
841;
836;
833;
828;
816;
818;
817;
861;
879;
896;
873;
881;
863;
856;
856;
845;
856;
872;
871;
872;
880;
872;
861;
854;
853;
850;
860;
863;
869;
861;
865;
854;
862;
862;
866;
846;
839;
826;
828;
820;
827;
836;
846;
855;
857;
854;
852;
854;
871;
879;
887;
891;
875;
888;
893;
863;
861;
825;
852;
876;
868;
864;
857;
852;
864;
851;
854;
857;
848;
862;
876;
864;
848;
834;
844;
863;
851;
867;
869;
857;
856;
857;
863;
860;
857;
858;
863;
864;
859;
859;
854;
852;
864;
872;
862;
854;
869;
856;
842;
852;
937;
929;
936;
865;
865;
863;
865;
864;
864;
866;
864;
864;
861;
863;
866;
863;
862;
864;
855;
930;
944;
916;
898;
879;
870;
870;
930;
939;
949;
876;
871;
861;
843;
842;
846;
845;
845;
843;
842;
843;
839;
838;
841;
842;
841;
842;
843;
843;
841;
840;
838;
841;
840;
839;
839;
840;
838;
840;
842;
843;
844;
845;
845;
845;
846;
852;
874;
835;
861;
889;
871;
927;
943;
941;
939;
942;
935;
938;
930;
941;
940;
940;
932;
941;
944;
940;
942;
950;
958;
955;
953;
953;
959;
959;
957;
958;
958;
958;
961;
960;
958;
960;
961;
969;
962;
928;
933;
938;
937;
950;
959;
959;
962;
979;
976;
978;
976;
975;
